start=32.454189
volume=90.000000
